1 179.38 -1964.12 -4.69781 9.44845
93 1.73177 -2005.66 -5.19504 22.8925
91 -12.5489 -1807.69 -6.21916 280.603
133 -15.5419 -1820.71 -6.18353 279.729
5 -13.6135 -1827.42 -6.21769 280.123
113 97.2414 -1574.65 -5.78482 187.881
4 -81.8082 -1598.72 -5.81723 154.475
126 -82.85 -1598.3 -5.82495 161.091
23 -81.5402 -1594.34 -5.82036 193.998
93 -82.155 -1579.97 -5.8275 148.011
96 -82.9579 -1575.82 -5.82195 174.337
136 -84.917 -1595.94 -5.79338 180.861
71 58.1118 -1823.62 15.6842 517.147
12 58.6348 -1823.78 15.6255 488.634
118 56.0548 -1824.2 15.7244 522.996
95 58.3587 -1824.02 15.5719 504.134
96 -179.819 -1392.96 14.9347 748.448
63 0.977685 -1418.35 14.9407 748.311
137 -179.363 -1400.19 14.9297 748.194
145 91.0078 -693.823 11.7157 768.146
81 -0.129434 -1421.41 15.0551 800.545
142 89.6964 -694.067 11.5599 760.526
142 91.9252 -694.226 11.5151 755.485
34 -178.858 -1403.37 14.8679 800.479
93 -90.9201 -705.851 11.556 752.609
108 -89.796 -758.357 11.6307 751.869
121 0.321437 -285.214 21.7828 702.113
46 -0.0207343 -321.841 21.7718 702.259
86 -178.232 -265.615 21.7854 691.614
76 -179.831 -299.061 21.7946 692.34
3 -179.639 -252.217 21.8028 702.689
9 -89.9572 -583.705 4.41941 -85.1233
129 -90.6877 -583.573 4.31057 -91.7746
96 89.8383 -562.589 5.15388 -92.1639
136 91.9486 -574.465 4.70128 -92.284
97 -88.8532 -552.411 5.40499 -105.157
11 -89.9619 -574.095 4.48668 -105.351
151 179.559 -507.57 7.53556 -227.36
99 -178.88 -499.462 7.49318 -227.645
112 -2.67868 -490.274 7.92365 -208.365
78 -18.8236 -702.875 1.92823 106.127
87 -18.2617 -696.063 1.92674 109.442
81 -179.723 -578.348 8.77079 457.056
130 179.577 -596.716 8.6898 456.151
67 -179.349 -607.757 8.70196 456.03
122 1.60308 -603.971 8.67699 456.501
121 0.781128 537.17 -5.38317 86.7496
13 2.7974 525.381 -5.37799 87.6268
42 2.95153 533.248 -5.38754 87.0304
43 -87.1272 520.799 -4.10004 163.051
157 90.3566 521.43 -3.99629 148.914
147 0.531397 -11.1322 4.08037 23.303
146 -0.0391208 -5.54734 4.03524 23.8879
82 -0.40002 1.36887 4.072 38.5309
47 -178.567 10.8811 3.8445 26.0294
80 176.319 65.4375 4.88326 102.453
160 -32.1314 -1091.55 -8.24266 11.3858
127 148.542 -1086.68 -7.83899 -6.2155
58 -32.5122 -1107.91 -7.93437 -1.093
131 144.8 -1098.89 -7.51886 -14.9449
109 137.973 505.051 -3.03948 11.9945
106 0.413189 738.054 107.356 -292.312
124 91.8488 823.206 114.36 -284.205
80 -179.664 898.76 116.809 -153.567
85 0.184702 942.792 117.543 -8.32123
140 -179.041 899.044 116.764 -179.174
79 91.2852 983.9 121.453 -215.382
161 -94.4184 1025.76 127.95 -146.854
86 -56.7842 1004.33 119.973 -40.2078
165 116.979 958.054 18.8511 -822.361
